'*',    54,     1,    25,    22,     5,     5,    75,     1
'SPENVIS 4.6.12.3524          -  4-Apr-2025 01:19:17'
'PRJ_DEF', -1,'THIN_GAAS'
'PRJ_HDR', -1,'foo'
'MOD_ABB', -1,'SEP'
'MIS_PLA',  1,    3,' '
'MIS_NTR',  1,    1,' '
'MIS_STA',  1,  25567.00000000,' '
'MIS_END',  1,  31042.00000000,' '
'MIS_DUR',  1, 5.475000E+03,'days'
'SEP_IEL',  1,  1,' '
'SEP_JEL',  1,  1,' '
'SEP_MOD', -1,'ESP-PSYCHIC total fluence'
'SEP_TMI',  1,  5.9,'years'
'SEP_TMA',  1,  9.1,'years'
'SEP_DUR',  1, 15.0,'years'
'SEP_NCY',  1,  3,' '
'SEP_NOR',  1,  0,' '
'SEP_NAL',  1,  0,' '
'SEP_PRB',  1,  99.0,'%'
'SEP_OMN',  1, 1, ' '
'SEP_ABS', -1,'Energy'
'SEP_IGC',  1,  1,' '
'SEP_IGV',  1,  1,' '
'SEP_IST',  1,  0,' '
'PLT_HDR', -1,'ESP-PSYCHIC total fluence: solar protons'
'SPECIES', -1,'proton'
'PS Annotation',  8,  1
'Mission start: 01/01/2020 00:00:00'
 0.05, 0.00, 0.00
'Mission end: 28/12/2034 00:00:00'
 0.95, 0.00, 1.00
'Nr. of segments:   1'
 0.05, 1.50, 0.00
'Duration: 5475.00 days'
 0.95, 0.00, 1.00
'PS Annotation', 12,  0
'Solar particle model: ESP-PSYCHIC total fluence'
 0.05, 2.00, 0.00
'Mission duration: 15.00 years, spanning 3 solar cycles'
 0.10, 1.50, 0.00
'9.13 years in solar maximum'
 0.15, 1.50, 0.00
'5.87 years in solar minimum'
 0.15, 1.50, 0.00
'Confidence level: 99.000%'
 0.10, 1.50, 0.00
'Magnetic shielding:    quiet magnetosphere'
 0.10, 1.50, 0.00
'Energy','MeV', 1,'Energy'
'IFlux','cm!u-2!n', 1,'Integral Fluence'
'DFlux','cm!u-2!n MeV!u-1!n', 1,'Differential Fluence'
'Attenuation',' ', 1,'Orbit Averaged Proton Attenuation Factor'
'Exposure','hrs', 1,'Proton Exposure Time'
  1.0000E-01,  5.2784E+12,  2.6601E+13, 0.9943, 1.3140E+05
  1.1000E-01,  5.0285E+12,  2.3378E+13, 0.9943, 1.3140E+05
  1.2000E-01,  4.8089E+12,  2.0551E+13, 0.9943, 1.3140E+05
  1.4000E-01,  4.4399E+12,  1.6348E+13, 0.9943, 1.3140E+05
  1.6000E-01,  4.1433E+12,  1.3311E+13, 0.9943, 1.3140E+05
  1.8000E-01,  3.8991E+12,  1.1111E+13, 0.9943, 1.3140E+05
  2.0000E-01,  3.6934E+12,  9.4572E+12, 0.9943, 1.3140E+05
  2.2000E-01,  3.5169E+12,  8.1952E+12, 0.9943, 1.3140E+05
  2.5000E-01,  3.2925E+12,  6.7625E+12, 0.9943, 1.3140E+05
  2.8000E-01,  3.1056E+12,  5.6968E+12, 0.9943, 1.3140E+05
  3.2000E-01,  2.8988E+12,  4.6447E+12, 0.9943, 1.3140E+05
  3.5000E-01,  2.7683E+12,  4.0538E+12, 0.9943, 1.3140E+05
  4.0000E-01,  2.5840E+12,  3.3195E+12, 0.9943, 1.3140E+05
  4.5000E-01,  2.4317E+12,  2.7709E+12, 0.9943, 1.3140E+05
  5.0000E-01,  2.3035E+12,  2.3584E+12, 0.9943, 1.3140E+05
  5.5000E-01,  2.1934E+12,  2.0446E+12, 0.9943, 1.3140E+05
  6.3000E-01,  2.0449E+12,  1.6680E+12, 0.9943, 1.3140E+05
  7.1000E-01,  1.9226E+12,  1.3898E+12, 0.9943, 1.3140E+05
  8.0000E-01,  1.8079E+12,  1.1597E+12, 0.9943, 1.3140E+05
  9.0000E-01,  1.7014E+12,  9.6910E+11, 0.9943, 1.3140E+05
  1.0000E+00,  1.6117E+12,  8.2483E+11, 0.9943, 1.3140E+05
  1.1000E+00,  1.5348E+12,  7.1309E+11, 0.9943, 1.3140E+05
  1.2000E+00,  1.4678E+12,  6.2686E+11, 0.9943, 1.3140E+05
  1.4000E+00,  1.3553E+12,  4.9865E+11, 0.9943, 1.3140E+05
  1.6000E+00,  1.2648E+12,  4.0603E+11, 0.9943, 1.3140E+05
  1.8000E+00,  1.1903E+12,  3.3893E+11, 0.9943, 1.3140E+05
  2.0000E+00,  1.1276E+12,  2.8847E+11, 0.9943, 1.3140E+05
  2.2000E+00,  1.0737E+12,  2.4998E+11, 0.9943, 1.3140E+05
  2.5000E+00,  1.0053E+12,  2.0628E+11, 0.9943, 1.3140E+05
  2.8000E+00,  9.4808E+11,  1.7524E+11, 0.9943, 1.3140E+05
  3.2000E+00,  8.8373E+11,  1.4647E+11, 0.9943, 1.3140E+05
  3.5000E+00,  8.4241E+11,  1.2902E+11, 0.9943, 1.3140E+05
  4.0000E+00,  7.8382E+11,  1.0532E+11, 0.9943, 1.3140E+05
  4.5000E+00,  7.3558E+11,  8.7657E+10, 0.9943, 1.3140E+05
  5.0000E+00,  6.9428E+11,  7.7542E+10, 0.9943, 1.3140E+05
  5.5000E+00,  6.5737E+11,  7.0090E+10, 0.9943, 1.3140E+05
  6.3000E+00,  6.0656E+11,  5.6942E+10, 0.9943, 1.3140E+05
  7.1000E+00,  5.6409E+11,  4.9225E+10, 0.9943, 1.3140E+05
  8.0000E+00,  5.2274E+11,  4.2676E+10, 0.9943, 1.3140E+05
  9.0000E+00,  4.8387E+11,  3.5067E+10, 0.9943, 1.3140E+05
  1.0000E+01,  4.5049E+11,  3.1692E+10, 0.9943, 1.3140E+05
  1.1000E+01,  4.2005E+11,  2.9194E+10, 0.9943, 1.3140E+05
  1.2000E+01,  3.9289E+11,  2.5115E+10, 0.9943, 1.3140E+05
  1.4000E+01,  3.4784E+11,  1.9938E+10, 0.9943, 1.3140E+05
  1.6000E+01,  3.1097E+11,  1.6930E+10, 0.9943, 1.3140E+05
  1.8000E+01,  2.7990E+11,  1.4143E+10, 0.9943, 1.3140E+05
  2.0000E+01,  2.5355E+11,  1.2199E+10, 0.9943, 1.3140E+05
  2.2000E+01,  2.3055E+11,  1.0803E+10, 0.9943, 1.3140E+05
  2.5000E+01,  2.0124E+11,  8.7388E+09, 0.9943, 1.3140E+05
  2.8000E+01,  1.7703E+11,  7.4052E+09, 0.9943, 1.3140E+05
  3.2000E+01,  1.5066E+11,  5.7779E+09, 0.9943, 1.3140E+05
  3.5000E+01,  1.3462E+11,  4.9174E+09, 0.9943, 1.3140E+05
  4.0000E+01,  1.1259E+11,  3.8910E+09, 0.9943, 1.3140E+05
  4.5000E+01,  9.5142E+10,  3.0902E+09, 0.9943, 1.3140E+05
  5.0000E+01,  8.1205E+10,  2.4846E+09, 0.9943, 1.3140E+05
  5.5000E+01,  6.9882E+10,  2.0443E+09, 0.9943, 1.3140E+05
  6.3000E+01,  5.5643E+10,  1.5154E+09, 0.9943, 1.3140E+05
  7.1000E+01,  4.5032E+10,  1.1373E+09, 0.9943, 1.3140E+05
  8.0000E+01,  3.6066E+10,  8.5521E+08, 0.9943, 1.3140E+05
  9.0000E+01,  2.8622E+10,  6.3369E+08, 0.9943, 1.3140E+05
  1.0000E+02,  2.3022E+10,  4.8629E+08, 0.9943, 1.3140E+05
  1.1000E+02,  1.8715E+10,  3.7505E+08, 0.9943, 1.3140E+05
  1.2000E+02,  1.5402E+10,  2.8747E+08, 0.9943, 1.3140E+05
  1.4000E+02,  1.0707E+10,  1.8206E+08, 0.9943, 1.3140E+05
  1.6000E+02,  7.7168E+09,  1.1695E+08, 0.9943, 1.3140E+05
  1.8000E+02,  5.7619E+09,  7.8542E+07, 0.9943, 1.3140E+05
  2.0000E+02,  4.4260E+09,  5.5048E+07, 0.9943, 1.3140E+05
  2.2000E+02,  3.4737E+09,  4.0176E+07, 0.9943, 1.3140E+05
  2.5000E+02,  2.4772E+09,  2.6259E+07, 0.9943, 1.3140E+05
  2.8000E+02,  1.8155E+09,  1.7852E+07, 0.9943, 1.3140E+05
  3.2000E+02,  1.2434E+09,  1.0753E+07, 0.9943, 1.3140E+05
  3.5000E+02,  9.6738E+08,  7.6513E+06, 0.9943, 1.3140E+05
  4.0000E+02,  6.5888E+08,  4.6886E+06, 0.9943, 1.3140E+05
  4.5000E+02,  4.6718E+08,  2.9794E+06, 0.9943, 1.3140E+05
  5.0000E+02,  3.4910E+08,  1.7437E+06, 0.9943, 1.3140E+05
'End of Block'
'*',    52,     1,    25,    22,     3,     3,    75,     0
'SPENVIS 4.6.12.3524          -  4-Apr-2025 01:19:17'
'PRJ_DEF', -1,'THIN_GAAS'
'PRJ_HDR', -1,'foo'
'MOD_ABB', -1,'SEP'
'MIS_PLA',  1,    3,' '
'MIS_NTR',  1,    1,' '
'MIS_STA',  1,  25567.00000000,' '
'MIS_END',  1,  31042.00000000,' '
'MIS_DUR',  1, 5.475000E+03,'days'
'SEP_IEL',  1,  1,' '
'SEP_JEL',  1,  1,' '
'SEP_MOD', -1,'ESP-PSYCHIC total fluence'
'SEP_TMI',  1,  5.9,'years'
'SEP_TMA',  1,  9.1,'years'
'SEP_DUR',  1, 15.0,'years'
'SEP_NCY',  1,  3,' '
'SEP_NOR',  1,  0,' '
'SEP_NAL',  1,  0,' '
'SEP_PRB',  1,  99.0,'%'
'SEP_OMN',  1, 1, ' '
'SEP_ABS', -1,'Energy'
'SEP_IGC',  1,  1,' '
'SEP_IGV',  1,  1,' '
'SEP_IST',  1,  0,' '
'PLT_HDR', -1,'ESP-PSYCHIC total fluence: solar ions'
'SPECIES', -1,'H '
'PS Annotation',  8,  1
'Mission start: 01/01/2020 00:00:00'
 0.05, 0.00, 0.00
'Mission end: 28/12/2034 00:00:00'
 0.95, 0.00, 1.00
'Nr. of segments:   1'
 0.05, 1.50, 0.00
'Duration: 5475.00 days'
 0.95, 0.00, 1.00
'PS Annotation', 12,  0
'Solar particle model: ESP-PSYCHIC total fluence'
 0.05, 2.00, 0.00
'Mission duration: 15.00 years, spanning 3 solar cycles'
 0.10, 1.50, 0.00
'9.13 years in solar maximum'
 0.15, 1.50, 0.00
'5.87 years in solar minimum'
 0.15, 1.50, 0.00
'Confidence level: 99.000%'
 0.10, 1.50, 0.00
'Magnetic shielding:    quiet magnetosphere'
 0.10, 1.50, 0.00
'Energy','MeV/n', 1,'Energy'
'IFlux','cm!u-2!n',  1,'Integral Fluence of ','SPECIES'
'DFlux','cm!u-2!n (MeV/n)!u-1!n',  1,'Differential Fluence of ','SPECIES'
  1.0000E-01,  5.2784E+12,  2.6601E+13
  1.1000E-01,  5.0285E+12,  2.3378E+13
  1.2000E-01,  4.8089E+12,  2.0551E+13
  1.4000E-01,  4.4399E+12,  1.6348E+13
  1.6000E-01,  4.1433E+12,  1.3311E+13
  1.8000E-01,  3.8991E+12,  1.1111E+13
  2.0000E-01,  3.6934E+12,  9.4572E+12
  2.2000E-01,  3.5169E+12,  8.1952E+12
  2.5000E-01,  3.2925E+12,  6.7625E+12
  2.8000E-01,  3.1056E+12,  5.6968E+12
  3.2000E-01,  2.8988E+12,  4.6447E+12
  3.5000E-01,  2.7683E+12,  4.0538E+12
  4.0000E-01,  2.5840E+12,  3.3195E+12
  4.5000E-01,  2.4317E+12,  2.7709E+12
  5.0000E-01,  2.3035E+12,  2.3584E+12
  5.5000E-01,  2.1934E+12,  2.0446E+12
  6.3000E-01,  2.0449E+12,  1.6680E+12
  7.1000E-01,  1.9226E+12,  1.3898E+12
  8.0000E-01,  1.8079E+12,  1.1597E+12
  9.0000E-01,  1.7014E+12,  9.6910E+11
  1.0000E+00,  1.6117E+12,  8.2483E+11
  1.1000E+00,  1.5348E+12,  7.1309E+11
  1.2000E+00,  1.4678E+12,  6.2686E+11
  1.4000E+00,  1.3553E+12,  4.9865E+11
  1.6000E+00,  1.2648E+12,  4.0603E+11
  1.8000E+00,  1.1903E+12,  3.3893E+11
  2.0000E+00,  1.1276E+12,  2.8847E+11
  2.2000E+00,  1.0737E+12,  2.4998E+11
  2.5000E+00,  1.0053E+12,  2.0628E+11
  2.8000E+00,  9.4808E+11,  1.7524E+11
  3.2000E+00,  8.8373E+11,  1.4647E+11
  3.5000E+00,  8.4241E+11,  1.2902E+11
  4.0000E+00,  7.8382E+11,  1.0532E+11
  4.5000E+00,  7.3558E+11,  8.7657E+10
  5.0000E+00,  6.9428E+11,  7.7542E+10
  5.5000E+00,  6.5737E+11,  7.0090E+10
  6.3000E+00,  6.0656E+11,  5.6942E+10
  7.1000E+00,  5.6409E+11,  4.9225E+10
  8.0000E+00,  5.2274E+11,  4.2676E+10
  9.0000E+00,  4.8387E+11,  3.5067E+10
  1.0000E+01,  4.5049E+11,  3.1692E+10
  1.1000E+01,  4.2005E+11,  2.9194E+10
  1.2000E+01,  3.9289E+11,  2.5115E+10
  1.4000E+01,  3.4784E+11,  1.9938E+10
  1.6000E+01,  3.1097E+11,  1.6930E+10
  1.8000E+01,  2.7990E+11,  1.4143E+10
  2.0000E+01,  2.5355E+11,  1.2199E+10
  2.2000E+01,  2.3055E+11,  1.0803E+10
  2.5000E+01,  2.0124E+11,  8.7388E+09
  2.8000E+01,  1.7703E+11,  7.4052E+09
  3.2000E+01,  1.5066E+11,  5.7779E+09
  3.5000E+01,  1.3462E+11,  4.9174E+09
  4.0000E+01,  1.1259E+11,  3.8910E+09
  4.5000E+01,  9.5142E+10,  3.0902E+09
  5.0000E+01,  8.1205E+10,  2.4846E+09
  5.5000E+01,  6.9882E+10,  2.0443E+09
  6.3000E+01,  5.5643E+10,  1.5154E+09
  7.1000E+01,  4.5032E+10,  1.1373E+09
  8.0000E+01,  3.6066E+10,  8.5521E+08
  9.0000E+01,  2.8622E+10,  6.3369E+08
  1.0000E+02,  2.3022E+10,  4.8629E+08
  1.1000E+02,  1.8715E+10,  3.7505E+08
  1.2000E+02,  1.5402E+10,  2.8747E+08
  1.4000E+02,  1.0707E+10,  1.8206E+08
  1.6000E+02,  7.7168E+09,  1.1695E+08
  1.8000E+02,  5.7619E+09,  7.8542E+07
  2.0000E+02,  4.4260E+09,  5.5048E+07
  2.2000E+02,  3.4737E+09,  4.0176E+07
  2.5000E+02,  2.4772E+09,  2.6259E+07
  2.8000E+02,  1.8155E+09,  1.7852E+07
  3.2000E+02,  1.2434E+09,  1.0753E+07
  3.5000E+02,  9.6738E+08,  7.6513E+06
  4.0000E+02,  6.5888E+08,  4.6886E+06
  4.5000E+02,  4.6718E+08,  2.9794E+06
  5.0000E+02,  3.4910E+08,  1.7437E+06
'End of File'
